'1. ???????? ???? ??????????, ?????????? ?? ?? (??????? ??????????) / Kuchkarov Aziz'
49,46,32,63,63,63,63,63,63,63,63,32,63,63,63,63,32,63,63,63,63,63,63,63,63,63,63,44,32,63,63,63,63,63,63,63,63,63,63,32
font=ArialMT

'2. ?????? ???? ????????, ??????? / Ivanov Ivan Ivanovich, Engineer'
50,46,32,63,63,63,63,63,63,32,63,63,63,63,32,63,63,63,63,63,63,63,63,44,32,63,63,63,63,63,63,63,32,47,32,73,118,97,110,111
font=ArialMT

'???????? ?????? ??????? ????????? ??????? / New'
63,63,63,63,63,63,63,63,32,63,63,63,63,63,63,32,63,63,63,63,63,63,63,32,63,63,63,63,63,63,63,63,63,32,63,63,63,63,63,63
font=ArialMT

'?. ?????? / Bukhara'
63,46,32,63,63,63,63,63,63,32,47,32,66,117,107,104,97,114,97
font=ArialMT

